0.005006258
0.00563204
0.002565707
0.003441802
0.004380476
0.005256571
0.00456821
0.004255319
0.004693367
0.004630788
0.003191489
0.005068836
0.004818523
0.005319149
0.002941176
0.006946183
0.003629537
0.003629537
0.002503129
0.002878598
0.002878598
0.004255319
0.003066333
0.003128911
0.00175219
0.003191489
0.00212766
0.003316646
0.001939925
0.003254068
0.002002503
0.003066333
0.01727159
0.02822278
0.06426783
0.01226533
0.02678348
0.06101377
0.08047559
0.03923655
0.01996245
0.04518148
0.08028786
0.0238423
0.02496871
0.1170839
0.04718398
0.03466834
0.001439299
0.002002503
0.001939925
0.004255319
0.001564456
0.003191489
0.003817272
0.003379224
0.00106383
0.001251564
0.002565707
0.001439299
0.00387985
0.002190238
0.00175219
0.004317897
0.003754693
0.004505632
0.005131414
0.004005006
0.003441802
0.007571965
0.008010013
0.006382979
0.005944931
0.008197747
0.005882353
0.007509387
0.003441802
0.007259074
0.004380476
0.005444305
0.001001252
0.0008760951
0.00281602
0.0009386733
0.000563204
0.001939925
0.002565707
0.002565707
0.001251564
0.001314143
0.003254068
0.001877347
0.001001252
0.001564456
0.0007509387
0.002753442
