1489354
1262447
486998
1193247
1906886
1779043
820195
1894279
1500619
1631116
669155
1569471
1583281
1724343
482071
1828109
1489354
1262447
486998
1193247
1906886
1779043
820195
1894279
1500619
1631116
669155
1569471
1583281
1724343
482071
1828109
1489354
1262447
486998
1193247
1906886
1779043
820195
1894279
1500619
1631116
669155
1569471
1583281
1724343
482071
1828109
872715
1104286
1387179
1203908
749319
1758548
2266282
1723528
828964
1080973
1464378
1058151
945958
1676824
1367461
1948125
872715
1104286
1387179
1203908
749319
1758548
2266282
1723528
828964
1080973
1464378
1058151
945958
1676824
1367461
1948125
872715
1104286
1387179
1203908
749319
1758548
2266282
1723528
828964
1080973
1464378
1058151
945958
1676824
1367461
1948125
