1.14e+08
6.60e+07
1.43e+07
9.12e+07
1.05e+08
7.46e+07
1.57e+07
1.01e+08
8.17e+07
6.76e+07
1.35e+07
7.93e+07
1.11e+08
8.75e+07
1.25e+07
1.25e+08
1.14e+08
6.60e+07
1.43e+07
9.12e+07
1.05e+08
7.46e+07
1.57e+07
1.01e+08
8.17e+07
6.76e+07
1.35e+07
7.93e+07
1.11e+08
8.75e+07
1.25e+07
1.25e+08
1.14e+08
6.60e+07
1.43e+07
9.12e+07
1.05e+08
7.46e+07
1.57e+07
1.01e+08
8.17e+07
6.76e+07
1.35e+07
7.93e+07
1.11e+08
8.75e+07
1.25e+07
1.25e+08
1.17e+08
7.57e+07
1.04e+08
1.41e+08
7.31e+07
9.55e+07
1.15e+08
1.13e+08
6.43e+07
5.36e+07
8.52e+07
8.27e+07
1.18e+08
1.12e+08
1.07e+08
2.18e+08
1.17e+08
7.57e+07
1.04e+08
1.41e+08
7.31e+07
9.55e+07
1.15e+08
1.13e+08
6.43e+07
5.36e+07
8.52e+07
8.27e+07
1.18e+08
1.12e+08
1.07e+08
2.18e+08
1.17e+08
7.57e+07
1.04e+08
1.41e+08
7.31e+07
9.55e+07
1.15e+08
1.13e+08
6.43e+07
5.36e+07
8.52e+07
8.27e+07
1.18e+08
1.12e+08
1.07e+08
2.18e+08